12.86 1.35 2.32 18 122 1.51 1.25 .21 .94 4.1 .76 1.29 630
12.88 2.99 2.4 20 104 1.3 1.22 .24 .83 5.4 .74 1.42 530
12.81 2.31 2.4 24 98 1.15 1.09 .27 .83 5.7 .66 1.36 560
12.7 3.55 2.36 21.5 106 1.7 1.2 .17 .84 5 .78 1.29 600
12.51 1.24 2.25 17.5 85 2 .58 .6 1.25 5.45 .75 1.51 650
12.6 2.46 2.2 18.5 94 1.62 .66 .63 .94 7.1 .73 1.58 695
12.25 4.72 2.54 21 89 1.38 .47 .53 .8 3.85 .75 1.27 720
12.53 5.51 2.64 25 96 1.79 .6 .63 1.1 5 .82 1.69 515
13.49 3.59 2.19 19.5 88 1.62 .48 .58 .88 5.7 .81 1.82 580
12.84 2.96 2.61 24 101 2.32 .6 .53 .81 4.92 .89 2.15 590
12.93 2.81 2.7 21 96 1.54 .5 .53 .75 4.6 .77 2.31 600
13.36 2.56 2.35 20 89 1.4 .5 .37 .64 5.6 .7 2.47 780
13.52 3.17 2.72 23.5 97 1.55 .52 .5 .55 4.35 .89 2.06 520
13.62 4.95 2.35 20 92 2 .8 .47 1.02 4.4 .91 2.05 550
12.25 3.88 2.2 18.5 112 1.38 .78 .29 1.14 8.21 .65 2 855
13.16 3.57 2.15 21 102 1.5 .55 .43 1.3 4 .6 1.68 830
13.88 5.04 2.23 20 80 .98 .34 .4 .68 4.9 .58 1.33 415
12.87 4.61 2.48 21.5 86 1.7 .65 .47 .86 7.65 .54 1.86 625
13.32 3.24 2.38 21.5 92 1.93 .76 .45 1.25 8.42 .55 1.62 650
13.08 3.9 2.36 21.5 113 1.41 1.39 .34 1.14 9.40 .57 1.33 550
13.5 3.12 2.62 24 123 1.4 1.57 .22 1.25 8.60 .59 1.3 500
12.79 2.67 2.48 22 112 1.48 1.36 .24 1.26 10.8 .48 1.47 480
13.11 1.9 2.75 25.5 116 2.2 1.28 .26 1.56 7.1 .61 1.33 425
13.23 3.3 2.28 18.5 98 1.8 .83 .61 1.87 10.52 .56 1.51 675
12.58 1.29 2.1 20 103 1.48 .58 .53 1.4 7.6 .58 1.55 640
13.17 5.19 2.32 22 93 1.74 .63 .61 1.55 7.9 .6 1.48 725
13.84 4.12 2.38 19.5 89 1.8 .83 .48 1.56 9.01 .57 1.64 480
12.45 3.03 2.64 27 97 1.9 .58 .63 1.14 7.5 .67 1.73 880
14.34 1.68 2.7 25 98 2.8 1.31 .53 2.7 13 .57 1.96 660
13.48 1.67 2.64 22.5 89 2.6 1.1 .52 2.29 11.75 .57 1.78 620
12.36 3.83 2.38 21 88 2.3 .92 .5 1.04 7.65 .56 1.58 520
13.69 3.26 2.54 20 107 1.83 .56 .5 .8 5.88 .96 1.82 680
12.85 3.27 2.58 22 106 1.65 .6 .6 .96 5.58 .87 2.11 570
12.96 3.45 2.35 18.5 106 1.39 .7 .4 .94 5.28 .68 1.75 675
13.78 2.76 2.3 22 90 1.35 .68 .41 1.03 9.58 .7 1.68 615
13.73 4.36 2.26 22.5 88 1.28 .47 .52 1.15 6.62 .78 1.75 520
13.45 3.7 2.6 23 111 1.7 .92 .43 1.46 10.68 .85 1.56 695
12.82 3.37 2.3 19.5 88 1.48 .66 .4 .97 10.26 .72 1.75 685
13.58 2.58 2.69 24.5 105 1.55 .84 .39 1.54 8.66 .74 1.8 750
13.4 4.6 2.86 25 112 1.98 .96 .27 1.11 8.5 .67 1.92 630
12.2 3.03 2.32 19 96 1.25 .49 .4 .73 5.5 .66 1.83 510
12.77 2.39 2.28 19.5 86 1.39 .51 .48 .64 9.899999 .57 1.63 470
14.16 2.51 2.48 20 91 1.68 .7 .44 1.24 9.7 .62 1.71 660
13.71 5.65 2.45 20.5 95 1.68 .61 .52 1.06 7.7 .64 1.74 740
13.4 3.91 2.48 23 102 1.8 .75 .43 1.41 7.3 .7 1.56 750
13.27 4.28 2.26 20 120 1.59 .69 .43 1.35 10.2 .59 1.56 835
13.17 2.59 2.37 20 120 1.65 .68 .53 1.46 9.3 .6 1.62 840
14.13 4.1 2.74 24.5 96 2.05 .76 .56 1.35 9.2 .61 1.6 560
